summary:
    With larger size of training size, the BLEU score is better.
    What starts with a zero, starts with zero.

===================================================================
= WITHOUT "SENTSTART" & "SENTEND"
===================================================================

using 1K training size:
0 :  [0.4166666666666667, 0.0, 0.0]
1 :  [0.2, 0.0, 0.0]
2 :  [0.4444444444444444, 0.0, 0.0]
3 :  [0.5, 0.0, 0.0]
4 :  [1.1111111111111112, 0.0, 0.0]
5 :  [0.6666666666666666, 0.3651483716701107, 0.0]
6 :  [0.2222222222222222, 0.0, 0.0]
7 :  [0.5, 0.0, 0.0]
8 :  [0.0, 0.0, 0.0]
9 :  [0.8333333333333334, 0.7071067811865476, 0.5]
10 :  [1.1, 0.0, 0.0]
11 :  [0.4, 0.0, 0.0]
12 :  [0.8, 0.0, 0.0]
13 :  [0.21428571428571427, 0.0, 0.0]
14 :  [0.5555555555555556, 0.0, 0.0]
15 :  [1.1428571428571428, 0.6172133998483676, 0.0]
16 :  [0.4, 0.0, 0.0]
17 :  [0.5333333333333333, 0.3380617018914066, 0.0]
18 :  [0.375, 0.0, 0.0]
19 :  [0.8333333333333334, 0.0, 0.0]
20 :  [1.0, 0.0, 0.0]
21 :  [0.8333333333333334, 0.408248290463863, 0.0]
22 :  [0.7, 0.0, 0.0]
23 :  [0.7692307692307693, 0.25318484177091666, 0.0]
24 :  [0.0, 0.0, 0.0]
=================================================
using 10K training size:
0 :  [0.4166666666666667, 0.0, 0.0]
1 :  [0.2, 0.0, 0.0]
2 :  [0.6666666666666666, 0.0, 0.0]
3 :  [0.6, 0.2581988897471611, 0.0]
4 :  [0.2222222222222222, 0.0, 0.0]
5 :  [0.8333333333333334, 0.5773502691896258, 0.0]
6 :  [0.1111111111111111, 0.0, 0.0]
7 :  [0.5, 0.0, 0.0]
8 :  [0.0, 0.0, 0.0]
9 :  [0.5, 0.31622776601683794, 0.0]
10 :  [1.4, 0.3944053188733077, 0.0]
11 :  [0.5, 0.0, 0.0]
12 :  [0.8, 0.0, 0.0]
13 :  [0.21428571428571427, 0.0, 0.0]
14 :  [0.5555555555555556, 0.0, 0.0]
15 :  [1.0, 0.408248290463863, 0.0]
16 :  [0.4, 0.0, 0.0]
17 :  [0.5333333333333333, 0.3380617018914066, 0.0]
18 :  [0.25, 0.0, 0.0]
19 :  [0.8333333333333334, 0.0, 0.0]
20 :  [2.0, 2.0, 2.0]
21 :  [1.1666666666666667, 0.8366600265340756, 0.0]
22 :  [1.1, 0.34960294939005054, 0.0]
23 :  [0.7692307692307693, 0.25318484177091666, 0.0]
24 :  [0.0, 0.0, 0.0]
=================================================
using 15K training size:
0 :  [0.4166666666666667, 0.0, 0.0]
1 :  [0.2, 0.0, 0.0]
2 :  [0.6666666666666666, 0.0, 0.0]
3 :  [0.6, 0.2581988897471611, 0.0]
4 :  [0.2222222222222222, 0.0, 0.0]
5 :  [0.8333333333333334, 0.5773502691896258, 0.0]
6 :  [0.1111111111111111, 0.0, 0.0]
7 :  [0.5, 0.0, 0.0]
8 :  [0.0, 0.0, 0.0]
9 :  [0.5, 0.31622776601683794, 0.0]
10 :  [1.4, 0.3944053188733077, 0.0]
11 :  [0.5, 0.0, 0.0]
12 :  [0.8, 0.0, 0.0]
13 :  [0.21428571428571427, 0.0, 0.0]
14 :  [0.5555555555555556, 0.0, 0.0]
15 :  [1.0, 0.408248290463863, 0.0]
16 :  [0.4, 0.0, 0.0]
17 :  [0.5333333333333333, 0.3380617018914066, 0.0]
18 :  [0.25, 0.0, 0.0]
19 :  [0.8333333333333334, 0.0, 0.0]
20 :  [2.0, 2.0, 2.0]
21 :  [1.1666666666666667, 0.8366600265340756, 0.0]
22 :  [1.1, 0.34960294939005054, 0.0]
23 :  [0.7692307692307693, 0.25318484177091666, 0.0]
24 :  [0.0, 0.0, 0.0]
=================================================
using 30K training size:
0 :  [0.4166666666666667, 0.0, 0.0]
1 :  [0.2, 0.0, 0.0]
2 :  [0.6666666666666666, 0.0, 0.0]
3 :  [0.6, 0.2581988897471611, 0.0]
4 :  [0.2222222222222222, 0.0, 0.0]
5 :  [0.8333333333333334, 0.5773502691896258, 0.0]
6 :  [0.1111111111111111, 0.0, 0.0]
7 :  [0.5, 0.0, 0.0]
8 :  [0.0, 0.0, 0.0]
9 :  [0.5, 0.31622776601683794, 0.0]
10 :  [1.4, 0.3944053188733077, 0.0]
11 :  [0.5, 0.0, 0.0]
12 :  [0.8, 0.0, 0.0]
13 :  [0.21428571428571427, 0.0, 0.0]
14 :  [0.5555555555555556, 0.0, 0.0]
15 :  [1.0, 0.408248290463863, 0.0]
16 :  [0.4, 0.0, 0.0]
17 :  [0.5333333333333333, 0.3380617018914066, 0.0]
18 :  [0.25, 0.0, 0.0]
19 :  [0.8333333333333334, 0.0, 0.0]
20 :  [2.0, 2.0, 2.0]
21 :  [1.1666666666666667, 0.8366600265340756, 0.0]
22 :  [1.1, 0.34960294939005054, 0.0]
23 :  [0.7692307692307693, 0.25318484177091666, 0.0]
24 :  [0.0, 0.0, 0.0]


===================================================================
= WITH "SENTSTART" & "SENTEND"
===================================================================

using 1K training size:
0 :  [0.6428571428571429, 0.0, 0.0]
1 :  [0.7142857142857143, 0.0, 0.0]
2 :  [0.7272727272727273, 0.38138503569823695, 0.0]
3 :  [0.75, 0.0, 0.0]
4 :  [1.2727272727272727, 0.0, 0.0]
5 :  [1.0, 0.6546536707079771, 0.41491326668312173]
6 :  [0.5454545454545454, 0.0, 0.0]
7 :  [1.0, 0.6324555320336759, 0.0]
8 :  [0.6666666666666666, 0.0, 0.0]
9 :  [1.125, 0.6943650748294136, 0.43152718699859105]
10 :  [1.25, 0.4767312946227962, 0.0]
11 :  [0.6666666666666666, 0.3481553119113957, 0.0]
12 :  [1.1428571428571428, 0.0, 0.0]
13 :  [0.4375, 0.1707825127659933, 0.0]
14 :  [0.8181818181818182, 0.4954336943068623, 0.0]
15 :  [1.3333333333333333, 0.9128709291752768, 0.49193407340309847]
16 :  [0.8571428571428571, 0.3779644730092272, 0.0]
17 :  [0.7058823529411765, 0.36380343755449945, 0.0]
18 :  [0.7, 0.0, 0.0]
19 :  [1.125, 0.5669467095138409, 0.0]
20 :  [1.3333333333333333, 0.7302967433402214, 0.0]
21 :  [1.125, 0.6943650748294136, 0.0]
22 :  [0.9166666666666666, 0.5773502691896257, 0.0]
23 :  [0.9333333333333333, 0.4472135954999579, 0.24871131731971627]
24 :  [0.6666666666666666, 0.0, 0.0]
==========================================================================
using 10K training size:
0 :  [0.6428571428571429, 0.0, 0.0]
1 :  [0.7142857142857143, 0.0, 0.0]
2 :  [0.9090909090909091, 0.4264014327112209, 0.0]
3 :  [0.8333333333333334, 0.27524094128159016, 0.0]
4 :  [0.5454545454545454, 0.0, 0.0]
5 :  [1.125, 0.8964214570007952, 0.644615994694649]
6 :  [0.45454545454545453, 0.0, 0.0]
7 :  [1.0, 0.6324555320336759, 0.0]
8 :  [0.6666666666666666, 0.0, 0.0]
9 :  [0.875, 0.3535533905932738, 0.0]
10 :  [1.5, 0.7385489458759964, 0.3792447013704333]
11 :  [0.75, 0.3692744729379982, 0.0]
12 :  [1.1428571428571428, 0.0, 0.0]
13 :  [0.4375, 0.1707825127659933, 0.0]
14 :  [0.8181818181818182, 0.4954336943068623, 0.0]
15 :  [1.2222222222222223, 0.7817359599705717, 0.4436161822856089]
16 :  [0.8571428571428571, 0.3779644730092272, 0.0]
17 :  [0.7058823529411765, 0.36380343755449945, 0.0]
18 :  [0.6, 0.0, 0.0]
19 :  [1.125, 0.5669467095138409, 0.0]
20 :  [2.0, 1.7888543819998317, 1.6868653306034984]
21 :  [1.375, 0.9910312089651149, 0.6892093108824981]
22 :  [1.25, 0.753778361444409, 0.0]
23 :  [0.9333333333333333, 0.4472135954999579, 0.24871131731971627]
24 :  [0.6666666666666666, 0.0, 0.0]
=======================================
using 15K training size:
0 :  [0.6428571428571429, 0.0, 0.0]
1 :  [0.7142857142857143, 0.0, 0.0]
2 :  [0.9090909090909091, 0.4264014327112209, 0.0]
3 :  [0.8333333333333334, 0.27524094128159016, 0.0]
4 :  [0.5454545454545454, 0.0, 0.0]
5 :  [1.125, 0.8964214570007952, 0.644615994694649]
6 :  [0.45454545454545453, 0.0, 0.0]
7 :  [1.0, 0.6324555320336759, 0.0]
8 :  [0.6666666666666666, 0.0, 0.0]
9 :  [0.875, 0.3535533905932738, 0.0]
10 :  [1.5, 0.7385489458759964, 0.3792447013704333]
11 :  [0.75, 0.3692744729379982, 0.0]
12 :  [1.1428571428571428, 0.0, 0.0]
13 :  [0.4375, 0.1707825127659933, 0.0]
14 :  [0.8181818181818182, 0.4954336943068623, 0.0]
15 :  [1.2222222222222223, 0.7817359599705717, 0.4436161822856089]
16 :  [0.8571428571428571, 0.3779644730092272, 0.0]
17 :  [0.7058823529411765, 0.36380343755449945, 0.0]
18 :  [0.6, 0.0, 0.0]
19 :  [1.125, 0.5669467095138409, 0.0]
20 :  [2.0, 1.7888543819998317, 1.6868653306034984]
21 :  [1.375, 0.9910312089651149, 0.6892093108824981]
22 :  [1.25, 0.753778361444409, 0.0]
23 :  [0.9333333333333333, 0.4472135954999579, 0.24871131731971627]
24 :  [0.6666666666666666, 0.0, 0.0]
=================================================
using 30K training size:
0 :  [0.6428571428571429, 0.0, 0.0]
1 :  [0.7142857142857143, 0.0, 0.0]
2 :  [0.9090909090909091, 0.4264014327112209, 0.0]
3 :  [0.8333333333333334, 0.27524094128159016, 0.0]
4 :  [0.5454545454545454, 0.0, 0.0]
5 :  [1.125, 0.8964214570007952, 0.644615994694649]
6 :  [0.45454545454545453, 0.0, 0.0]
7 :  [1.0, 0.6324555320336759, 0.0]
8 :  [0.6666666666666666, 0.0, 0.0]
9 :  [0.875, 0.3535533905932738, 0.0]
10 :  [1.5, 0.7385489458759964, 0.3792447013704333]
11 :  [0.75, 0.3692744729379982, 0.0]
12 :  [1.1428571428571428, 0.0, 0.0]
13 :  [0.4375, 0.1707825127659933, 0.0]
14 :  [0.8181818181818182, 0.4954336943068623, 0.0]
15 :  [1.2222222222222223, 0.7817359599705717, 0.4436161822856089]
16 :  [0.8571428571428571, 0.3779644730092272, 0.0]
17 :  [0.7058823529411765, 0.36380343755449945, 0.0]
18 :  [0.6, 0.0, 0.0]
19 :  [1.125, 0.5669467095138409, 0.0]
20 :  [2.0, 1.7888543819998317, 1.6868653306034984]
21 :  [1.375, 0.9910312089651149, 0.6892093108824981]
22 :  [1.25, 0.753778361444409, 0.0]
23 :  [0.9333333333333333, 0.4472135954999579, 0.24871131731971627]
24 :  [0.6666666666666666, 0.0, 0.0]


